[gd_scene load_steps=30 format=2]

[ext_resource path="res://WORLD.gd" type="Script" id=1]
[ext_resource path="res://Player.gd" type="Script" id=2]

[sub_resource type="SpatialMaterial" id=1]

[sub_resource type="SphereMesh" id=2]
material = SubResource( 1 )
radius = 2.0
height = 4.0

[sub_resource type="SpatialMaterial" id=3]
albedo_color = Color( 0.313726, 0.0980392, 0.741176, 1 )

[sub_resource type="SphereShape" id=4]
radius = 2.0

[sub_resource type="SpatialMaterial" id=5]
albedo_color = Color( 0.352941, 0.243137, 0.243137, 1 )

[sub_resource type="QuadMesh" id=6]
material = SubResource( 5 )
size = Vector2( 20, 100 )

[sub_resource type="ConcavePolygonShape" id=7]
margin = 0.001
data = PoolVector3Array( -10, -50, 0, -10, 50, 0, 10, 50, 0, -10, -50, 0, 10, 50, 0, 10, -50, 0 )

[sub_resource type="SpatialMaterial" id=8]
albedo_color = Color( 0.113725, 0.698039, 0.243137, 1 )

[sub_resource type="QuadMesh" id=9]
material = SubResource( 8 )
size = Vector2( 25, 100 )

[sub_resource type="ConvexPolygonShape" id=10]
points = PoolVector3Array( -12.5, -50, 0, -12.5, 50, 0, 12.5, 50, 0, -12.5, -50, 0, 12.5, 50, 0, 12.5, -50, 0 )

[sub_resource type="SpatialMaterial" id=11]
albedo_color = Color( 0.713726, 0.0509804, 0.807843, 1 )

[sub_resource type="QuadMesh" id=12]
material = SubResource( 11 )
size = Vector2( 30, 100 )

[sub_resource type="ConvexPolygonShape" id=13]
points = PoolVector3Array( -15, -50, 0, -15, 50, 0, 15, 50, 0, -15, -50, 0, 15, 50, 0, 15, -50, 0 )

[sub_resource type="SpatialMaterial" id=14]
albedo_color = Color( 0.901961, 0.905882, 0.168627, 1 )

[sub_resource type="QuadMesh" id=15]
material = SubResource( 14 )
size = Vector2( 20, 200 )

[sub_resource type="ConvexPolygonShape" id=16]
points = PoolVector3Array( -10, -100, 0, -10, 100, 0, 10, 100, 0, -10, -100, 0, 10, 100, 0, 10, -100, 0 )

[sub_resource type="SpatialMaterial" id=17]
albedo_color = Color( 0.0980392, 0.615686, 0.533333, 1 )

[sub_resource type="QuadMesh" id=18]
material = SubResource( 17 )
size = Vector2( 25, 150 )

[sub_resource type="ConvexPolygonShape" id=19]
points = PoolVector3Array( -12.5, -75, 0, -12.5, 75, 0, 12.5, 75, 0, -12.5, -75, 0, 12.5, 75, 0, 12.5, -75, 0 )

[sub_resource type="SpatialMaterial" id=20]
albedo_color = Color( 0.423529, 0.105882, 0.462745, 1 )

[sub_resource type="QuadMesh" id=21]
material = SubResource( 20 )
size = Vector2( 35, 250 )

[sub_resource type="ConvexPolygonShape" id=22]
points = PoolVector3Array( -17.5, -125, 0, -17.5, 125, 0, 17.5, 125, 0, -17.5, -125, 0, 17.5, 125, 0, 17.5, -125, 0 )

[sub_resource type="QuadMesh" id=23]
size = Vector2( 25, 25 )

[sub_resource type="ConvexPolygonShape" id=24]
points = PoolVector3Array( -12.5, -12.5, 0, -12.5, 12.5, 0, 12.5, 12.5, 0, -12.5, -12.5, 0, 12.5, 12.5, 0, 12.5, -12.5, 0 )

[sub_resource type="SpatialMaterial" id=25]
albedo_color = Color( 0.345098, 0.0431373, 0.0431373, 1 )

[sub_resource type="QuadMesh" id=26]
material = SubResource( 25 )
size = Vector2( 1000, 1000 )

[sub_resource type="ConvexPolygonShape" id=27]
points = PoolVector3Array( -500, -500, 0, -500, 500, 0, 500, 500, 0, -500, -500, 0, 500, 500, 0, 500, -500, 0 )

[node name="World" type="Spatial"]
transform = Transform( 1, 0, 0, 0, 1, 0, 0, 0, 1, 0.113094, 0.0518494, 0.00285339 )
script = ExtResource( 1 )

[node name="Player" type="KinematicBody" parent="."]
transform = Transform( 1, 0, 0, 0, 1, 0, 0, 0, 1, -30.8137, 38.98, -1.86979 )
script = ExtResource( 2 )

[node name="MeshInstance2" type="MeshInstance" parent="Player"]
transform = Transform( 1, 0, 0, 0, 1, 0, 0, 0, 1, 0, 0.130974, 0 )
mesh = SubResource( 2 )
material/0 = SubResource( 3 )

[node name="CollisionShape" type="CollisionShape" parent="Player"]
shape = SubResource( 4 )

[node name="Camera" type="Camera" parent="Player"]
transform = Transform( -4.16042e-008, 0.741542, -0.670907, 1.3408e-008, 0.670907, 0.741542, 1, 2.18557e-008, -3.78552e-008, -10, 15.2282, -0.041 )
keep_aspect = 0
doppler_tracking = 2
current = true
fov = 115.6
far = 1738.9

[node name="Ramp1" type="StaticBody" parent="."]
collision_layer = 961

[node name="MeshInstance" type="MeshInstance" parent="Ramp1"]
transform = Transform( -4.37114e-008, -0.707107, 0.707107, 0, 0.707107, 0.707107, -1, 3.09086e-008, -3.09086e-008, 0.0355973, 0.00795555, 0.0184793 )
mesh = SubResource( 6 )
skeleton = NodePath("")
material/0 = null

[node name="CollisionShape" type="CollisionShape" parent="Ramp1"]
transform = Transform( -4.37114e-008, -0.707107, -0.707107, 0, 0.707107, -0.707107, 1, -3.09086e-008, -3.09086e-008, 0, 7.45058e-009, 1.86265e-009 )
shape = SubResource( 7 )

[node name="DirectionalLight" type="DirectionalLight" parent="."]
transform = Transform( 1, 0, 0, 0, -4.37114e-008, 1, 0, -1, -4.37114e-008, 5.74063, 51.021, -22.6579 )
shadow_enabled = true

[node name="Ramp2" type="StaticBody" parent="."]
transform = Transform( -0.714419, -0.478062, 0.510943, 0.0185536, 0.717013, 0.696813, -0.699472, 0.507296, -0.503378, 45.6275, -48.7425, -6.81824 )

[node name="MeshInstance" type="MeshInstance" parent="Ramp2"]
mesh = SubResource( 9 )
material/0 = null

[node name="CollisionShape" type="CollisionShape" parent="Ramp2"]
shape = SubResource( 10 )

[node name="Ramp3" type="StaticBody" parent="."]
transform = Transform( -0.253713, 0.576864, 0.776439, 0.270469, -0.728376, 0.629535, 0.928696, 0.369724, 0.0287744, 87.1392, -110.115, -19.5117 )

[node name="MeshInstance" type="MeshInstance" parent="Ramp3"]
transform = Transform( 1, 0, -3.72529e-009, -5.96046e-008, 1, -2.42144e-008, -1.86265e-009, -2.04891e-008, 1, -4.81024, -1.91501, -0.149039 )
mesh = SubResource( 12 )
material/0 = null

[node name="CollisionShape" type="CollisionShape" parent="Ramp3"]
transform = Transform( 1, 0, -1.11759e-008, -5.96046e-008, 1, -2.70084e-008, -1.86265e-009, -2.04891e-008, 1, -4.01606, -1.59883, -0.124433 )
shape = SubResource( 13 )

[node name="Ramp4" type="StaticBody" parent="."]
transform = Transform( 0.349051, 0.67527, 0.649749, 0.00748914, -0.695346, 0.718636, 0.937074, -0.245975, -0.247769, 159.709, -189.287, -25.2954 )

[node name="MeshInstance" type="MeshInstance" parent="Ramp4"]
mesh = SubResource( 15 )
material/0 = null

[node name="CollisionShape" type="CollisionShape" parent="Ramp4"]
shape = SubResource( 16 )

[node name="Ramp5" type="StaticBody" parent="."]
transform = Transform( 0.877611, 0.384106, 0.286812, -0.0184604, -0.570782, 0.820894, 0.479017, -0.72572, -0.493834, 250.122, -288.694, -88.8894 )

[node name="MeshInstance" type="MeshInstance" parent="Ramp5"]
transform = Transform( 1, -2.98023e-008, 1.49012e-008, 0, 1, 0, 0, -8.9407e-008, 1, 0, 0, 0 )
mesh = SubResource( 18 )
material/0 = null

[node name="CollisionShape" type="CollisionShape" parent="Ramp5"]
shape = SubResource( 19 )

[node name="Ramp8" type="StaticBody" parent="."]
transform = Transform( 0.135611, 0.894293, 0.426438, -0.0286425, -0.426696, 0.903941, 0.990348, -0.134798, -0.0322497, 376.232, -376.792, -154.809 )

[node name="MeshInstance" type="MeshInstance" parent="Ramp8"]
transform = Transform( 1, 0, 0, 0, 1, 0, 0, 0, 1, 0, -0.888885, 0 )
mesh = SubResource( 21 )
material/0 = null

[node name="CollisionShape" type="CollisionShape" parent="Ramp8"]
shape = SubResource( 22 )

[node name="GOAL" type="StaticBody" parent="."]
editor/display_folded = true
transform = Transform( 0.00645199, -0.092476, -0.995694, 0.0693, -0.993279, 0.0927008, -0.997575, -0.0695997, -4.35232e-008, 472.355, -407.184, -169.626 )

[node name="MeshInstance" type="MeshInstance" parent="GOAL"]
transform = Transform( 1, 7.45058e-009, -8.20197e-010, -7.45058e-009, 1, 1.04798e-008, -5.69521e-010, 2.98171e-009, 1, 0, 0, 0 )
mesh = SubResource( 23 )
material/0 = null

[node name="CollisionShape" type="CollisionShape" parent="GOAL"]
shape = SubResource( 24 )

[node name="Floor" type="StaticBody" parent="."]
transform = Transform( 1, 0, 0, 0, -4.37114e-008, 1, 0, -1, -4.37114e-008, 4.14252e-006, -466.267, -177.587 )

[node name="MeshInstance" type="MeshInstance" parent="Floor"]
transform = Transform( 1, 0, 0, 0, 1, -7.10543e-015, 0, 0, 1, 0, 0, 0 )
mesh = SubResource( 26 )
material/0 = null

[node name="CollisionShape" type="CollisionShape" parent="Floor"]
shape = SubResource( 27 )
